Source	Target	Weight
1	2	9991.87203779772
1	3	52.0246580794565
1	6	52.0246580794565
2	1	9991.87203779772
3	4	471.094060155111
3	1	52.0246580794565
3	6	52.0246580794565
4	3	471.094060155111
5	6	3074.37377090565
6	5	3074.37377090565
6	1	52.0246580794565
6	3	52.0246580794565
7	8	701.551619208519
8	7	701.551619208519
9	10	1205.61743266199
9	12	47.5253247133091
10	9	1205.61743266199
10	75	33.6849328385492
11	12	125.682322272591
12	11	125.682322272591
12	9	47.5253247133091
13	14	902.975184639961
13	15	3596.1661540999
13	30	953.861936143604
14	13	902.975184639961
15	13	3596.1661540999
15	18	735.576544805562
15	37	769.770439407653
18	15	735.576544805562
18	20	283.358159192488
18	21	265.87832390423
20	18	283.358159192488
21	18	265.87832390423
23	24	298.59720732096
24	23	298.59720732096
24	28	350.955863497146
24	40	343.680822013475
25	26	222.072051211435
25	33	331.900382616418
25	82	778.763944712403
26	25	222.072051211435
28	24	350.955863497146
28	30	416.766590385795
28	70	226.710336326107
30	13	953.861936143604
30	31	608.923293262094
30	28	416.766590385795
31	30	608.923293262094
33	25	331.900382616418
33	45	152.247892796668
33	68	171.9136103067
37	15	769.770439407653
37	42	106.123040972253
37	52	88.6341189982133
40	24	343.680822013475
40	49	828.409155432131
40	70	434.939342605102
41	42	627.881795201854
42	41	627.881795201854
42	37	106.123040972253
42	52	114.089141692028
45	33	152.247892796668
45	47	140.442191306143
45	78	179.871324534797
47	45	140.442191306143
49	40	828.409155432131
49	73	238.958314957203
49	86	1234.43090727365
52	42	114.089141692028
52	37	88.6341189982133
52	89	213.226373597951
55	56	705.269376704669
55	58	1204.16498034283
55	60	7.75813525578765
55	64	24.249308961781
56	55	705.269376704669
58	55	1204.16498034283
59	60	209.768449194608
59	39393	163.763707367511
60	59	209.768449194608
60	55	7.75813525578765
60	64	24.0709951776526
64	60	24.0709951776526
64	55	24.249308961781
64	128	676.425078592068
68	33	171.9136103067
70	40	434.939342605102
70	28	226.710336326107
70	86	131.611588645347
73	49	238.958314957203
75	76	4470.7915418555
75	10	33.6849328385492
76	75	4470.7915418555
76	131	44.534633562083
78	45	179.871324534797
78	82	871.004088056465
78	122	499.002735454272
79	80	39.7222865409102
80	79	39.7222865409102
82	25	778.763944712403
82	84	148.316442611181
82	78	871.004088056465
84	82	148.316442611181
86	70	131.611588645347
86	49	1234.43090727365
86	106	295.079396386243
89	52	213.226373597951
89	93	262.168187508227
89	109	355.25738273477
93	89	262.168187508227
93	96	177.811499188918
93	109	397.759876681675
93	113	301.799030246677
96	93	177.811499188918
97	98	1890.52937037033
98	97	1890.52937037033
99	100	5781.16805061041
99	152	58.968055604466
100	99	5781.16805061041
100	39388	131.799131005175
101	102	536.862389714883
102	101	536.862389714883
103	104	42.7058605169632
103	132	4984.3370079288
103	344	853.091524353708
104	103	42.7058605169632
104	107	139.05613672843
106	86	295.079396386243
106	119	74.8034922267068
107	108	191.893813047934
107	104	139.05613672843
108	107	191.893813047934
109	89	355.25738273477
109	93	397.759876681675
109	299	608.213615967398
113	93	301.799030246677
115	116	616.396317385181
116	115	616.396317385181
116	125	54.9704251844068
117	118	851.77719815894
117	119	63.1268137987615
117	480	1268.99199040408
118	117	851.77719815894
119	117	63.1268137987615
119	106	74.8034922267068
122	78	499.002735454272
123	124	187.672876846712
124	123	187.672876846712
125	126	8.23263493205634
125	116	54.9704251844068
126	125	8.23263493205634
126	128	1133.00098897817
126	172	301.2996879704
128	64	676.425078592068
128	126	1133.00098897817
128	280	1402.88286256469
128	364	776.391133986312
131	132	854.681639683635
131	76	44.534633562083
132	131	854.681639683635
132	134	23.5315908113233
132	103	4984.3370079288
134	132	23.5315908113233
134	155	164.531752783355
134	160	227.470926609582
135	136	20.277094720475
136	135	20.277094720475
136	137	153.452607417063
136	140	33.9396983412955
136	162	168.725225481227
137	136	153.452607417063
140	136	33.9396983412955
140	141	76.2897668099243
140	144	30.8994471356731
140	163	168.742736594262
141	140	76.2897668099243
144	140	30.8994471356731
144	146	80.3769974236256
144	148	32.7689931059666
144	167	168.774685017007
146	144	80.3769974236256
148	144	32.7689931059666
148	150	79.0861258879692
148	175	168.769206716669
150	148	79.0861258879692
151	152	687.421813140748
151	158	38.6448608797088
152	151	687.421813140748
152	99	58.968055604466
155	134	164.531752783355
157	158	612.165194437791
157	346	32.8553374024313
158	157	612.165194437791
158	151	38.6448608797088
160	134	227.470926609582
160	413	136.770098285319
162	136	168.725225481227
162	163	33.613171522203
162	202	85.9565780060795
162	204	80.1062041511924
163	162	33.613171522203
163	140	168.742736594262
163	167	31.6916874380691
163	208	79.5730259210123
167	163	31.6916874380691
167	144	168.774685017007
167	175	31.6815343591006
167	216	79.0740599040706
172	126	301.2996879704
172	173	512.590967123714
172	386	932.594753523106
173	172	512.590967123714
175	167	31.6815343591006
175	148	168.769206716669
175	179	32.0112390231508
175	220	78.5735706293182
179	175	32.0112390231508
179	182	54.3492621015292
179	183	33.1604319879272
179	224	78.0646932383816
182	179	54.3492621015292
183	179	33.1604319879272
183	186	58.7178089699277
183	187	32.5959910538949
183	228	77.5463573687413
186	183	58.7178089699277
187	183	32.5959910538949
187	190	65.7183590559355
187	191	33.2745147068184
187	236	77.0268705687127
190	187	65.7183590559355
191	187	33.2745147068184
191	194	63.4826646831652
191	195	32.7608453147726
191	240	76.4887498672438
194	191	63.4826646831652
195	191	32.7608453147726
195	198	60.038656257644
195	199	22.2096922104206
195	244	75.963662430873
198	195	60.038656257644
199	195	22.2096922104206
202	162	85.9565780060795
202	204	20.2866828094098
202	258	77.1324009221776
204	202	20.2866828094098
204	162	80.1062041511924
204	208	33.4673806901135
204	260	74.2178893364406
208	204	33.4673806901135
208	163	79.5730259210123
208	216	32.0516784516956
208	264	74.4318624583851
211	212	142.154803866292
211	213	622.665196173399
211	320	142.653148609494
212	211	142.154803866292
212	233	17.9401800325897
213	211	622.665196173399
216	208	32.0516784516956
216	167	79.0740599040706
216	220	31.1597460342011
216	268	74.646825864162
220	216	31.1597460342011
220	175	78.5735706293182
220	224	32.7493652556541
220	272	74.8440202505933
224	220	32.7493652556541
224	179	78.0646932383816
224	228	33.374840911943
224	276	75.0618914616811
228	224	33.374840911943
228	183	77.5463573687413
228	236	32.6873317562502
228	282	75.2881293358889
231	232	272.141478837869
231	233	70.5709110316759
231	321	264.779377400722
232	231	272.141478837869
233	231	70.5709110316759
233	212	17.9401800325897
236	228	32.6873317562502
236	187	77.0268705687127
236	240	32.0008389249423
236	286	75.5148020741555
240	236	32.0008389249423
240	191	76.4887498672438
240	244	32.6568254194578
240	292	75.6983012825395
244	240	32.6568254194578
244	195	75.963662430873
244	248	31.9601630155553
244	296	75.9084680590244
248	244	31.9601630155553
248	250	69.1595522815654
248	252	33.1287320903255
248	302	76.132413683376
250	248	69.1595522815654
252	248	33.1287320903255
252	254	61.7930639463341
252	256	30.276982930823
252	289	62.2494791402092
254	252	61.7930639463341
256	252	30.276982930823
258	202	77.1324009221776
258	260	42.6935246914528
258	339	143.563052196477
260	258	42.6935246914528
260	204	74.2178893364406
260	264	33.3133225167844
260	308	53.9973699152064
264	260	33.3133225167844
264	208	74.4318624583851
264	268	32.4000240423135
264	310	53.4053985418367
268	264	32.4000240423135
268	216	74.646825864162
268	272	30.6863170032198
268	313	52.0703810737897
272	268	30.6863170032198
272	220	74.8440202505933
272	276	33.4567125361281
272	315	52.3010933283892
276	272	33.4567125361281
276	224	75.0618914616811
276	282	33.6113512210422
276	317	57.0299244226748
280	128	1402.88286256469
282	276	33.6113512210422
282	228	75.2881293358889
282	286	32.7804535124262
282	327	63.1110832319475
286	282	32.7804535124262
286	236	75.5148020741555
286	292	30.757472227669
286	329	64.4281714554371
289	252	62.2494791402092
292	286	30.757472227669
292	240	75.6983012825395
292	296	32.5535837187152
292	331	69.2946136930198
296	292	32.5535837187152
296	244	75.9084680590244
296	302	33.0988083428703
296	333	83.3252893008286
299	109	608.213615967398
299	312	132.062986481468
299	349	153.494040463218
302	296	33.0988083428703
302	248	76.132413683376
302	306	2.17544415415952
302	337	89.3581000982392
306	302	2.17544415415952
308	260	53.9973699152064
310	264	53.4053985418367
312	299	132.062986481468
313	268	52.0703810737897
315	272	52.3010933283892
317	276	57.0299244226748
320	211	142.653148609494
320	324	54.9015747773767
320	325	61.8698414179237
321	231	264.779377400722
321	324	23.0321349877881
324	320	54.9015747773767
324	321	23.0321349877881
325	320	61.8698414179237
327	282	63.1110832319475
329	286	64.4281714554371
331	292	69.2946136930198
333	296	83.3252893008286
335	336	166.537508207644
335	420	962.087055045718
335	454	539.819088799191
336	335	166.537508207644
337	302	89.3581000982392
339	340	553.514637217545
339	258	143.563052196477
339	432	457.490953573351
340	339	553.514637217545
344	103	853.091524353708
344	346	1592.00542253843
344	347	18.8621219319803
346	344	1592.00542253843
346	157	32.8553374024313
347	344	18.8621219319803
347	358	114.786407474842
347	451	1639.30121965456
349	299	153.494040463218
349	360	287.556209820288
349	383	255.940988707557
351	352	289.173488436197
351	353	97.2449483684081
351	367	161.077228539962
352	351	289.173488436197
353	351	97.2449483684081
353	355	61.4586779399944
353	443	413.248247121862
355	353	61.4586779399944
358	347	114.786407474842
358	535	159.062854161217
360	349	287.556209820288
360	361	472.650199197149
360	390	228.462116254338
361	360	472.650199197149
364	128	776.391133986312
364	365	240.626547933101
364	410	395.061504813287
364	558	1589.30976469185
365	364	240.626547933101
367	351	161.077228539962
367	370	105.330175634684
367	446	276.054289125234
370	367	105.330175634684
370	372	152.902683124957
370	374	78.0246618442572
370	393	113.551325636038
372	370	152.902683124957
374	370	78.0246618442572
374	375	150.478106435849
374	378	78.7294591042618
375	374	150.478106435849
378	374	78.7294591042618
378	379	153.39792206088
378	382	76.7275503254651
378	399	112.951464861558
379	378	153.39792206088
382	378	76.7275503254651
383	349	255.940988707557
383	390	175.689307645696
383	465	283.306972704246
386	172	932.594753523106
386	388	573.985156699027
386	410	77.6149609051458
388	386	573.985156699027
390	360	228.462116254338
390	383	175.689307645696
390	405	103.904499092668
390	450	234.589630210232
393	394	83.5438717783943
393	370	113.551325636038
393	397	78.3446983862526
393	417	60.9459589252703
394	393	83.5438717783943
397	393	78.3446983862526
397	399	78.9067558157226
397	424	60.5340922909293
399	397	78.9067558157226
399	378	112.951464861558
399	403	81.2253067439363
399	428	60.1187955455654
403	399	81.2253067439363
405	406	199.920294745629
405	390	103.904499092668
405	406	223.896384219224
406	405	199.920294745629
406	405	223.896384219224
406	492	608.335013698311
410	364	395.061504813287
410	386	77.6149609051458
410	420	299.91435548143
413	414	543.767074004227
413	160	136.770098285319
414	413	543.767074004227
417	393	60.9459589252703
417	424	78.9201142716506
417	439	41.3920523285396
420	410	299.91435548143
420	335	962.087055045718
420	436	165.77714833796
420	515	616.097004338651
424	417	78.9201142716506
424	397	60.5340922909293
424	428	78.6035965759678
424	437	24.8611738511158
428	424	78.6035965759678
428	399	60.1187955455654
428	442	41.3767611434521
431	432	1520.21247768357
432	431	1520.21247768357
432	339	457.490953573351
432	460	138.789410001896
436	420	165.77714833796
436	454	745.2471945212
436	462	154.434003082982
437	424	24.8611738511158
439	417	41.3920523285396
442	428	41.3767611434521
443	353	413.248247121862
443	446	89.4395742651681
443	484	152.057965258349
446	443	89.4395742651681
446	367	276.054289125234
446	458	593.564806402965
450	390	234.589630210232
450	465	107.759612862267
450	513	571.650411006195
451	347	1639.30121965456
454	436	745.2471945212
454	335	539.819088799191
454	464	509.240068228493
458	446	593.564806402965
460	432	138.789410001896
460	735	28.5200407284992
462	436	154.434003082982
462	478	71.8940824693657
462	482	539.481306654695
464	454	509.240068228493
464	470	430.082372582187
464	474	58.3822425794385
465	383	283.306972704246
465	450	107.759612862267
465	502	137.48491402398
470	464	430.082372582187
470	472	942.322888531038
470	476	26.2202516438985
472	470	942.322888531038
474	464	58.3822425794385
474	494	281.44931750367
474	504	60.7487327935733
476	470	26.2202516438985
476	484	112.363191565395
476	498	54.1373572770391
478	462	71.8940824693657
478	490	43.7599321252241
478	495	225.588923813231
480	117	1268.99199040408
480	488	617.871081560842
480	570	601.484864533108
482	462	539.481306654695
484	476	112.363191565395
484	443	152.057965258349
484	518	885.540283841493
488	480	617.871081560842
490	478	43.7599321252241
490	508	72.1992325769634
490	543	665.710796049897
492	406	608.335013698311
494	474	281.44931750367
494	498	183.310623803374
494	510	39.1040592182398
495	478	225.588923813231
498	494	183.310623803374
498	476	54.1373572770391
498	572	633.788395099054
502	465	137.48491402398
502	506	16.3260392200093
502	549	1806.1520285001
504	474	60.7487327935733
504	510	287.244826571438
504	528	210.098166101998
506	502	16.3260392200093
506	529	43.356970601897
508	490	72.1992325769634
510	504	287.244826571438
510	494	39.1040592182398
510	532	204.148157531918
513	450	571.650411006195
515	420	616.097004338651
515	526	69.771642351659
518	484	885.540283841493
518	520	53.9331576887824
518	538	168.493624997363
520	518	53.9331576887824
520	521	1124.42213210611
520	524	21.3993702885377
521	520	1124.42213210611
524	520	21.3993702885377
524	581	68.7606845353255
525	526	165.223465477545
525	619	1223.28326455786
526	525	165.223465477545
526	515	69.771642351659
528	504	210.098166101998
528	532	301.261445521888
528	556	199.851596823398
529	530	226.341069499186
529	506	43.356970601897
530	529	226.341069499186
530	542	291.343059862126
530	546	164.576701120686
532	528	301.261445521888
532	510	204.148157531918
532	560	493.289671325094
535	536	1147.23364310866
535	358	159.062854161217
536	535	1147.23364310866
538	518	168.493624997363
538	562	484.895927051283
538	587	490.834240620216
539	540	207.405761020754
540	539	207.405761020754
542	530	291.343059862126
543	490	665.710796049897
543	576	24.4751459970726
546	530	164.576701120686
546	548	406.051822779091
546	564	202.0424486351
548	546	406.051822779091
548	549	230.74319014731
548	564	269.930602166808
549	502	1806.1520285001
549	548	230.74319014731
549	554	348.042946056737
549	647	750.662515476753
554	549	348.042946056737
556	528	199.851596823398
558	364	1589.30976469185
558	579	22.8617716112142
560	532	493.289671325094
562	538	484.895927051283
562	568	97.6110731754588
562	590	240.51989687743
564	548	269.930602166808
564	546	202.0424486351
564	574	105.484352359314
564	592	636.137953393529
568	562	97.6110731754588
568	578	181.349813778147
568	586	176.750568664624
570	480	601.484864533108
570	755	753.099110319519
572	498	633.788395099054
572	598	258.191568138742
572	699	1517.8469706494
574	564	105.484352359314
574	595	40.1947337193858
575	576	420.179224361523
575	583	72.9198862380868
576	575	420.179224361523
576	543	24.4751459970726
578	568	181.349813778147
579	580	856.431293335608
579	558	22.8617716112142
580	579	856.431293335608
581	582	983.003694616493
581	524	68.7606845353255
582	581	983.003694616493
582	593	85.7633264697141
582	734	869.600206428711
583	575	72.9198862380868
583	699	710.016369634468
586	568	176.750568664624
587	538	490.834240620216
587	638	31.3810239691935
590	562	240.51989687743
590	599	32.8544539329808
592	564	636.137953393529
593	582	85.7633264697141
593	617	102.152943943624
593	887	1154.89689418483
595	596	208.926763705014
595	574	40.1947337193858
596	595	208.926763705014
596	612	245.536851379734
596	647	474.204215972207
598	572	258.191568138742
598	608	23.4060865579637
599	600	64.1844143096141
599	590	32.8544539329808
600	599	64.1844143096141
600	603	28.2869223921531
601	602	105.211525045731
602	601	105.211525045731
602	606	146.810831604015
602	612	204.023363151882
602	626	145.965098021189
603	604	7.70321249851779
603	600	28.2869223921531
604	603	7.70321249851779
604	607	68.9719903200077
604	622	95.1693818391327
606	602	146.810831604015
606	616	105.580607367776
606	630	120.628347199542
607	608	46.4949144782909
607	604	68.9719903200077
607	622	77.2355564258338
608	607	46.4949144782909
608	598	23.4060865579637
612	596	245.536851379734
612	602	204.023363151882
612	626	117.75106589839
616	606	105.580607367776
617	593	102.152943943624
617	639	235.132027620308
617	670	407.466464546309
619	525	1223.28326455786
622	607	77.2355564258338
622	604	95.1693818391327
622	634	166.087526883129
626	612	117.75106589839
626	602	145.965098021189
626	632	162.691034730365
626	646	250.674218282635
630	606	120.628347199542
632	626	162.691034730365
634	622	166.087526883129
634	636	25.1671145877822
635	636	20.2769957741048
635	638	694.851062398456
635	1351	1488.43232645658
636	635	20.2769957741048
636	634	25.1671145877822
638	635	694.851062398456
638	587	31.3810239691935
639	617	235.132027620308
639	662	198.927210940504
639	667	58.3120186504584
641	642	290.858129033668
642	641	290.858129033668
642	644	560.049280848722
642	652	337.927805550098
642	664	47.977013074611
644	642	560.049280848722
646	626	250.674218282635
647	549	750.662515476753
647	596	474.204215972207
647	726	222.889167140953
647	747	173.381225863577
652	642	337.927805550098
652	654	1785.29812612656
652	656	382.965337133296
652	659	14.2507193384863
654	652	1785.29812612656
656	652	382.965337133296
656	658	502.950587422903
656	711	121.743343165185
658	656	502.950587422903
659	652	14.2507193384863
659	674	35.4372566780738
659	696	344.578084203987
662	639	198.927210940504
662	670	84.5035172367102
662	680	58.1904024721429
663	664	283.704984201961
663	677	55.3908778792999
664	663	283.704984201961
664	642	47.977013074611
664	674	331.553272415641
664	684	49.1966934643821
667	639	58.3120186504584
667	680	198.913920176923
667	687	53.2766885381913
670	662	84.5035172367102
670	617	407.466464546309
670	702	82.9346801559155
674	664	331.553272415641
674	659	35.4372566780738
674	690	48.097393849733
677	663	55.3908778792999
677	684	289.538712239458
677	705	45.3716057237004
680	667	198.913920176923
680	662	58.1904024721429
680	694	24.7763198286899
684	677	289.538712239458
684	664	49.1966934643821
684	690	328.427893818096
684	708	45.3381481612882
687	667	53.2766885381913
687	715	198.910275552085
687	738	59.0467004066935
690	684	328.427893818096
690	674	48.097393849733
690	696	342.960297701516
690	722	45.4631990684872
694	680	24.7763198286899
694	702	84.9126757206921
694	715	28.7605148689151
696	690	342.960297701516
696	659	344.578084203987
696	711	56.2821352170811
699	583	710.016369634468
699	572	1517.8469706494
699	1151	768.88603250284
702	694	84.9126757206921
702	670	82.9346801559155
702	720	68.5045504738273
702	752	53.6368953879881
705	677	45.3716057237004
705	708	287.495436867033
705	753	52.8971308599605
708	705	287.495436867033
708	684	45.3381481612882
708	722	325.475694773002
708	762	53.0108957322486
711	696	56.2821352170811
711	656	121.743343165185
711	726	196.822095803478
711	742	20.8324303883656
715	687	198.910275552085
715	694	28.7605148689151
715	766	56.2155786845053
720	702	68.5045504738273
722	708	325.475694773002
722	690	45.4631990684872
722	742	395.257328521465
722	770	53.244126410057
726	647	222.889167140953
726	711	196.822095803478
726	747	141.00607973053
726	841	272.939397025886
727	728	29.0096979665797
727	730	139.67939342847
727	815	146.771944360166
728	727	29.0096979665797
730	727	139.67939342847
734	582	869.600206428711
734	735	1401.09274725102
734	858	305.883736017736
735	734	1401.09274725102
735	460	28.5200407284992
737	738	3.42072525245782
737	803	167.56141678928
737	829	161.053216899917
738	737	3.42072525245782
738	687	59.0467004066935
738	746	41.5266948993178
742	722	395.257328521465
742	711	20.8324303883656
742	780	52.9164939908394
746	738	41.5266948993178
746	760	121.573154064538
746	778	49.3944436199419
747	726	141.00607973053
747	647	173.381225863577
747	815	403.662628203105
752	702	53.6368953879881
752	774	44.943580916557
752	783	42.4552875418232
753	705	52.8971308599605
753	762	288.169144958419
753	785	50.6903223186417
755	570	753.099110319519
755	1161	1082.6592483108
755	1200	711.057478117398
760	746	121.573154064538
760	766	35.8241987208603
760	789	50.4854480898506
762	753	288.169144958419
762	708	53.0108957322486
762	770	322.013323482164
762	794	50.5754420458635
766	760	35.8241987208603
766	715	56.2155786845053
766	774	59.7510397559447
770	762	322.013323482164
770	722	53.244126410057
770	780	396.724963399459
770	798	50.5546336176985
774	766	59.7510397559447
774	752	44.943580916557
774	783	77.8925773183501
778	746	49.3944436199419
778	789	121.581452662285
778	802	45.964944282982
780	770	396.724963399459
780	742	52.9164939908394
780	806	50.7165363657753
783	752	42.4552875418232
783	774	77.8925773183501
785	753	50.6903223186417
785	794	288.422725422626
785	809	49.1924406756662
789	778	121.581452662285
789	760	50.4854480898506
789	811	45.9649899034806
794	785	288.422725422626
794	762	50.5754420458635
794	798	319.111125490294
794	820	49.1115955215994
798	794	319.111125490294
798	770	50.5546336176985
798	806	400.697685162326
798	824	49.3926955100228
802	778	45.964944282982
802	811	121.581078251186
802	837	66.0962381305796
803	737	167.56141678928
803	827	44.557882626033
803	899	262.815621772205
806	798	400.697685162326
806	780	50.7165363657753
806	834	51.3262829066685
809	785	49.1924406756662
809	820	288.63572520071
809	845	53.217695646308
811	802	121.581078251186
811	789	45.9649899034806
811	864	91.9953676080836
815	747	403.662628203105
815	727	146.771944360166
815	943	351.832747223267
820	809	288.63572520071
820	794	49.1115955215994
820	824	325.471732601383
820	848	52.4050133061159
824	820	325.471732601383
824	798	49.3926955100228
824	834	392.853492936152
824	854	51.8318017881626
827	803	44.557882626033
827	829	51.2798889065085
827	909	168.746818427022
829	827	51.2798889065085
829	737	161.053216899917
829	837	45.445088290306
829	917	168.714077331047
834	824	392.853492936152
834	806	51.3262829066685
834	841	20.449215045113
837	829	45.445088290306
837	802	66.0962381305796
837	852	25.8918669101947
841	834	20.449215045113
841	726	272.939397025886
841	860	44.3209829643151
845	809	53.217695646308
845	848	288.855681765476
845	867	49.8466912318747
848	845	288.855681765476
848	820	52.4050133061159
848	854	331.81835827708
848	872	52.4937083787141
852	837	25.8918669101947
852	864	121.602419954743
852	870	46.1013313756815
854	848	331.81835827708
854	824	51.8318017881626
854	860	360.361643663492
854	876	55.4652147625057
858	734	305.883736017736
858	887	76.5426028434428
858	1200	794.499998545557
860	854	360.361643663492
860	841	44.3209829643151
860	884	79.2146470368795
864	852	121.602419954743
864	811	91.9953676080836
864	879	45.9995391556899
867	845	49.8466912318747
867	872	289.048644933027
867	913	108.923477895837
870	852	46.1013313756815
870	879	121.604132187155
870	892	46.0795240729668
872	867	289.048644933027
872	848	52.4937083787141
872	876	330.501794721657
872	893	52.2054591246463
876	872	330.501794721657
876	854	55.4652147625057
876	884	306.544457006373
876	896	49.5959246963704
879	870	121.604132187155
879	864	45.9995391556899
879	901	46.0758403263421
884	876	306.544457006373
884	860	79.2146470368795
884	906	67.5531229935677
887	593	1154.89689418483
887	858	76.5426028434428
887	1455	1597.37754360234
892	870	46.0795240729668
892	901	121.623846274559
892	921	50.5999594207251
893	872	52.2054591246463
893	896	329.356001324016
893	913	251.888113967041
893	925	51.1408692238923
896	893	329.356001324016
896	876	49.5959246963704
896	906	260.541429967094
896	931	50.6939869048854
899	803	262.815621772205
899	909	48.5397525469736
899	965	108.153543036433
901	892	121.623846274559
901	879	46.0758403263421
901	935	50.6000096524089
906	896	260.541429967094
906	884	67.5531229935677
906	939	78.9578811917043
909	899	48.5397525469736
909	827	168.746818427022
909	917	51.0342958366171
909	967	103.633736503545
913	867	108.923477895837
913	893	251.888113967041
913	927	74.7038901435044
913	961	90.2268505635987
917	909	51.0342958366171
917	829	168.714077331047
917	921	45.9668195393383
917	1136	329.192385847621
921	917	45.9668195393383
921	892	50.5999594207251
921	935	121.623433814399
921	976	96.3867089696617
925	893	51.1408692238923
925	927	176.180381840516
925	931	328.178873915663
925	947	51.4957818213374
927	913	74.7038901435044
927	925	176.180381840516
927	945	85.7823169461397
931	925	328.178873915663
931	896	50.6939869048854
931	939	206.337189526307
931	978	74.1050540657063
935	921	121.623433814399
935	901	50.6000096524089
935	954	49.4143822662945
939	931	206.337189526307
939	906	78.9578811917043
939	1067	297.477664223557
943	815	351.832747223267
945	927	85.7823169461397
945	971	101.276661247149
945	1008	85.8230155252436
947	925	51.4957818213374
947	971	29.2518842992208
947	978	330.902436925058
949	950	2855.80009255457
950	949	2855.80009255457
950	951	130.941035879388
950	1186	326.981863861091
951	950	130.941035879388
951	957	111.188711246092
951	982	36.5098960314667
953	954	116.97133871427
954	953	116.97133871427
954	935	49.4143822662945
954	992	46.9686924741935
957	958	34.086185036171
957	951	111.188711246092
957	961	65.5321498076417
957	984	37.5163658205134
958	957	34.086185036171
961	957	65.5321498076417
961	913	90.2268505635987
961	988	37.6576588945888
965	899	108.153543036433
965	967	45.7699865671007
965	1088	311.266616571957
967	965	45.7699865671007
967	909	103.633736503545
967	1005	55.2517969666009
971	945	101.276661247149
971	947	29.2518842992208
971	995	72.6740736173224
971	997	34.9163956416094
976	921	96.3867089696617
976	992	121.642737639053
976	1024	89.8459853953751
978	947	330.902436925058
978	931	74.1050540657063
978	999	32.886293753914
982	951	36.5098960314667
982	984	111.936786140738
982	1012	33.9006818171796
984	982	111.936786140738
984	957	37.5163658205134
984	988	61.7552841804761
984	1014	30.9624494307257
988	984	61.7552841804761
988	961	37.6576588945888
988	1017	64.4151540573837
992	976	121.642737639053
992	954	46.9686924741935
992	1050	89.8423444441618
995	971	72.6740736173224
995	999	260.773795102454
995	1025	266.447188048045
997	971	34.9163956416094
997	1004	51.3469839131158
997	1044	88.8461385238065
999	995	260.773795102454
999	978	32.886293753914
999	1025	55.5095429143106
1004	997	51.3469839131158
1004	1008	52.6254037782617
1004	1036	57.6677679488779
1005	967	55.2517969666009
1005	1039	58.7940171797992
1005	1089	268.074589615069
1008	945	85.8230155252436
1008	1004	52.6254037782617
1008	1036	96.1130690665638
1012	982	33.9006818171796
1012	1014	110.664099922936
1012	1030	43.1935179453468
1014	1012	110.664099922936
1014	984	30.9624494307257
1014	1019	35.5758082005879
1017	988	64.4151540573837
1017	1019	55.4491351324378
1017	1041	21.1518012025954
1019	1014	35.5758082005879
1019	1017	55.4491351324378
1019	1030	109.495146152957
1019	1055	37.2389669645956
1024	976	89.8459853953751
1024	1050	121.662094617655
1024	1064	47.0595639975579
1025	995	266.447188048045
1025	999	55.5095429143106
1025	1067	51.7721793950509
1029	1030	34.8548253108563
1030	1029	34.8548253108563
1030	1012	43.1935179453468
1030	1019	109.495146152957
1030	1060	37.3763446916355
1036	1008	96.1130690665638
1036	1004	57.6677679488779
1036	1044	95.4708709851775
1036	1118	103.236186253993
1039	1005	58.7940171797992
1039	1075	53.7625087979257
1039	1101	176.196586716383
1041	1017	21.1518012025954
1041	1053	17.7134144737391
1041	1072	180.972437076131
1044	1036	95.4708709851775
1044	997	88.8461385238065
1044	1221	236.288449481983
1047	1048	1527.21155957552
1048	1047	1527.21155957552
1048	1226	370.571575418523
1048	1296	615.836141195419
1050	1024	121.662094617655
1050	992	89.8423444441618
1050	1084	47.0577461562208
1053	1041	17.7134144737391
1053	1055	55.4762095307005
1053	1065	13.7978835637607
1055	1019	37.2389669645956
1055	1053	55.4762095307005
1055	1060	108.231450554844
1055	1079	35.064626328711
1060	1030	37.3763446916355
1060	1055	108.231450554844
1060	1078	28.4139315098463
1064	1024	47.0595639975579
1064	1084	121.671755620015
1064	1096	44.8611582191176
1065	1053	13.7978835637607
1065	1072	151.631298061081
1065	1093	37.5895041034989
1067	1025	51.7721793950509
1067	939	297.477664223557
1067	1221	292.158149446747
1067	1361	547.193149730009
1072	1065	151.631298061081
1072	1041	180.972437076131
1072	1098	36.9735341142502
1075	1039	53.7625087979257
1075	1113	95.2474230248309
1075	1129	56.8992482175434
1078	1060	28.4139315098463
1078	1079	106.217740037563
1078	1110	36.9092452503944
1079	1078	106.217740037563
1079	1055	35.064626328711
1079	1107	34.2996343941499
1084	1064	121.671755620015
1084	1050	47.0577461562208
1084	1122	44.577491048259
1088	965	311.266616571957
1088	1089	58.4957411641066
1088	1134	57.5925555052243
1089	1088	58.4957411641066
1089	1005	268.074589615069
1089	1101	58.9909055102632
1089	1233	270.751230519524
1093	1065	37.5895041034989
1093	1098	150.463883435154
1093	1125	32.9089308767665
1096	1064	44.8611582191176
1096	1122	121.682129884214
1096	1140	51.840033792818
1098	1093	150.463883435154
1098	1072	36.9735341142502
1098	1105	5.86890754521259
1101	1089	58.9909055102632
1101	1039	176.196586716383
1101	1113	51.1718252030189
1101	1216	177.120451570106
1105	1098	5.86890754521259
1105	1118	77.1143281016923
1105	1127	18.7609171560369
1107	1079	34.2996343941499
1107	1110	104.360673044807
1107	1143	46.3017359471019
1110	1078	36.9092452503944
1110	1107	104.360673044807
1110	1192	112.991467072775
1113	1101	51.1718252030189
1113	1075	95.2474230248309
1113	1167	95.1307107301896
1118	1105	77.1143281016923
1118	1036	103.236186253993
1118	1158	53.8554804209406
1122	1096	121.682129884214
1122	1084	44.577491048259
1122	1164	54.2075949498767
1125	1093	32.9089308767665
1125	1127	153.886833532115
1125	1146	33.8737538956501
1127	1105	18.7609171560369
1127	1125	153.886833532115
1127	1154	42.8758421882206
1129	1075	56.8992482175434
1129	1136	50.5312516784329
1129	1167	57.4629279993329
1134	1088	57.5925555052243
1136	1129	50.5312516784329
1136	917	329.192385847621
1136	1140	46.9920193087746
1136	1250	171.8505745069
1140	1136	46.9920193087746
1140	1096	51.840033792818
1140	1164	121.696157638342
1140	1178	50.0489778775386
1143	1107	46.3017359471019
1143	1146	55.862800557675
1143	1171	35.1979324458885
1146	1143	55.862800557675
1146	1125	33.8737538956501
1146	1149	2.85068648815579
1149	1146	2.85068648815579
1149	1154	151.416554455067
1149	1174	31.4337150656938
1151	699	768.88603250284
1151	1410	930.354147441158
1151	1729	1926.87422745388
1154	1149	151.416554455067
1154	1127	42.8758421882206
1154	1158	76.0618108552179
1154	1182	35.5025735331684
1158	1154	76.0618108552179
1158	1118	53.8554804209406
1158	1245	132.550368320098
1161	755	1082.6592483108
1161	1195	391.654207283614
1161	1328	369.195481831626
1164	1140	121.696157638342
1164	1122	54.2075949498767
1164	1188	47.6905534194419
1167	1113	95.1307107301896
1167	1129	57.4629279993329
1167	1216	54.1352696020774
1171	1143	35.1979324458885
1171	1174	56.0206368768327
1171	1204	35.4753067590843
1174	1171	56.0206368768327
1174	1149	31.4337150656938
1174	1179	4.09260225323784
1178	1140	50.0489778775386
1178	1188	121.69331632207
1178	1220	46.1467297761513
1179	1174	4.09260225323784
1179	1182	152.365451166293
1179	1208	31.0233480635965
1182	1179	152.365451166293
1182	1154	35.5025735331684
1182	1208	182.049150141416
1186	950	326.981863861091
1186	1192	134.812307914103
1186	1195	5.3784468081833
1188	1178	121.69331632207
1188	1164	47.6905534194419
1188	1228	46.1449103808522
1192	1186	134.812307914103
1192	1110	112.991467072775
1192	1204	104.093810311187
1192	1232	68.9770352026841
1195	1161	391.654207283614
1195	1186	5.3784468081833
1195	1238	69.5937657705353
1200	858	794.499998545557
1200	755	711.057478117398
1200	1212	11.0446652639149
1204	1192	104.093810311187
1204	1171	35.4753067590843
1204	1208	56.1857746128865
1208	1204	56.1857746128865
1208	1179	31.0233480635965
1208	1182	182.049150141416
1208	1242	72.7891707982505
1212	1200	11.0446652639149
1212	1328	449.015381239743
1212	1487	1246.5693157599
1216	1101	177.120451570106
1216	1167	54.1352696020774
1216	1233	61.1178731332866
1220	1178	46.1467297761513
1220	1228	121.702988340319
1220	1254	74.8242988961041
1221	1044	236.288449481983
1221	1067	292.158149446747
1221	1283	181.646763982167
1226	1048	370.571575418523
1226	1342	400.733857572882
1228	1220	121.702988340319
1228	1188	46.1449103808522
1228	1262	97.2957642378481
1232	1192	68.9770352026841
1232	1238	135.728795764769
1232	1242	155.517422167653
1233	1089	270.751230519524
1233	1216	61.1178731332866
1233	1250	50.2714043930948
1233	1273	125.004819870469
1238	1195	69.5937657705353
1238	1232	135.728795764769
1238	1298	124.662584652883
1242	1232	155.517422167653
1242	1208	72.7891707982505
1242	1245	251.378601665242
1242	1269	71.6413002288586
1245	1158	132.550368320098
1245	1242	251.378601665242
1245	1277	84.3135487737729
1250	1233	50.2714043930948
1250	1136	171.8505745069
1250	1254	47.5077954868123
1250	1273	73.88747066851
1254	1250	47.5077954868123
1254	1220	74.8242988961041
1254	1260	22.6551065016263
1257	1258	121.500175546927
1257	1337	619.97713607143
1257	1363	499.156067651897
1258	1257	121.500175546927
1258	1385	496.650413024361
1260	1254	22.6551065016263
1260	1262	121.721060707931
1260	1279	50.3416960008465
1262	1260	121.721060707931
1262	1228	97.2957642378481
1262	1291	48.4905971163082
1265	1266	57.959066442971
1265	1267	30.0670818188671
1265	1298	177.901481957083
1266	1265	57.959066442971
1267	1265	30.0670818188671
1267	1269	138.621713905157
1267	1312	81.9945238712852
1269	1267	138.621713905157
1269	1242	71.6413002288586
1269	1301	59.5073183678246
1273	1233	125.004819870469
1273	1250	73.88747066851
1273	1279	47.7583752934216
1277	1245	84.3135487737729
1277	1283	9.02836378681267
1277	1287	145.104706861282
1279	1273	47.7583752934216
1279	1260	50.3416960008465
1279	1291	121.756151125758
1283	1277	9.02836378681267
1283	1221	181.646763982167
1283	1348	185.526699541081
1287	1288	83.9593463480502
1287	1277	145.104706861282
1287	1305	26.9820411561503
1288	1287	83.9593463480502
1291	1279	121.756151125758
1291	1262	48.4905971163082
1291	1303	113.711214533564
1296	1048	615.836141195419
1296	1337	170.158093856922
1296	1372	319.216453414408
1298	1238	124.662584652883
1298	1265	177.901481957083
1298	1324	64.1148687902613
1301	1269	59.5073183678246
1301	1305	129.053837576993
1301	1309	13.1915355746574
1303	1291	113.711214533564
1305	1301	129.053837576993
1305	1287	26.9820411561503
1305	1357	124.866867374623
1309	1301	13.1915355746574
1309	1312	133.987202010185
1309	1317	33.2506771880517
1312	1267	81.9945238712852
1312	1309	133.987202010185
1312	1315	74.1820484478059
1312	1320	35.469940532123
1315	1312	74.1820484478059
1317	1309	33.2506771880517
1317	1320	132.714962108121
1317	1332	169.225663866118
1320	1312	35.469940532123
1320	1317	132.714962108121
1320	1324	156.600825905082
1320	1332	35.8248034263185
1324	1298	64.1148687902613
1324	1320	156.600825905082
1324	1368	123.803117648029
1328	1212	449.015381239743
1328	1161	369.195481831626
1328	1368	529.43199153033
1332	1320	35.8248034263185
1332	1317	169.225663866118
1332	1335	70.9545792400233
1335	1332	70.9545792400233
1337	1296	170.158093856922
1337	1257	619.97713607143
1337	1363	112.145186246635
1337	1399	274.589210301031
1342	1226	400.733857572882
1342	1408	610.43843438344
1343	1344	814.947900183796
1343	1346	188.06148672521
1343	1355	16.4404282564284
1344	1343	814.947900183796
1346	1343	188.06148672521
1348	1283	185.526699541081
1348	1350	364.237780256917
1348	1357	15.7070147765226
1350	1348	364.237780256917
1351	635	1488.43232645658
1351	1353	11.3872660037408
1351	1401	588.13360424889
1353	1351	11.3872660037408
1353	1472	26.5684889616112
1355	1343	16.4404282564284
1355	1422	42.6830058794008
1357	1305	124.866867374623
1357	1348	15.7070147765226
1357	1391	179.067670725236
1361	1067	547.193149730009
1361	1552	1401.12725101107
1363	1337	112.145186246635
1363	1257	499.156067651897
1363	1375	84.8854293908205
1368	1328	529.43199153033
1368	1324	123.803117648029
1368	1374	240.975002979132
1368	1487	1954.25743885583
1372	1296	319.216453414408
1372	1416	408.0286915925
1372	1496	1115.41423769064
1374	1368	240.975002979132
1374	1380	43.9375221809106
1374	1382	42.0622144677478
1375	1363	84.8854293908205
1375	1385	42.4989936932364
1375	1416	312.86914370842
1377	1378	93.9700459052069
1377	1390	33.9305689779025
1378	1377	93.9700459052069
1380	1374	43.9375221809106
1380	1382	43.4880618553555
1380	1391	82.4640912397173
1380	1396	74.528020968745
1382	1374	42.0622144677478
1382	1380	43.4880618553555
1382	1391	679.913085798017
1385	1375	42.4989936932364
1385	1258	496.650413024361
1385	1405	84.8626904370247
1389	1390	696.202636919131
1389	1419	857.423945988584
1389	2146	2423.69392034824
1390	1389	696.202636919131
1390	1377	33.9305689779025
1391	1380	82.4640912397173
1391	1357	179.067670725236
1391	1396	18.4055375290034
1391	1382	679.913085798017
1396	1380	74.528020968745
1396	1391	18.4055375290034
1396	1404	45.7404395336481
1399	1337	274.589210301031
1401	1351	588.13360424889
1401	1412	23.0117291831731
1404	1396	45.7404395336481
1404	1504	837.61956547544
1405	1385	84.8626904370247
1408	1342	610.43843438344
1410	1151	930.354147441158
1410	1430	128.85017720114
1410	1435	242.370915420114
1411	1412	103.388503403465
1411	1414	231.874568834992
1411	1423	32.1930199629035
1412	1411	103.388503403465
1412	1401	23.0117291831731
1414	1411	231.874568834992
1416	1372	408.0286915925
1416	1375	312.86914370842
1416	1427	8.0420798305528
1419	1389	857.423945988584
1419	1422	305.385022759787
1419	1435	642.784305841846
1422	1419	305.385022759787
1422	1355	42.6830058794008
1423	1411	32.1930199629035
1423	1426	169.454894915339
1423	1433	469.378962101554
1426	1423	169.454894915339
1427	1416	8.0420798305528
1430	1410	128.85017720114
1433	1434	143.776018423819
1433	1439	90.5116495654486
1433	1423	469.378962101554
1434	1433	143.776018423819
1435	1419	642.784305841846
1435	1410	242.370915420114
1435	1729	1356.33355078759
1439	1433	90.5116495654486
1439	1442	70.5435192291828
1439	1445	9.30170786084972
1442	1439	70.5435192291828
1445	1439	9.30170786084972
